Core0-TP	Core1-TP	Core2-TP	Core3-TP	Core4-TP	Core5-TP	Core6-TP	Core7-TP	Core8-TP	Core9-TP	Core10-TP	Core11-TP	Core12-TP	Core13-TP	Core14-TP	Core15-TP	Core16-TP	Core17-TP	Core18-TP	Core19-TP	Core20-TP	Core21-TP	Core22-TP	Core23-TP	Core24-TP	Core25-TP	Core26-TP	Core27-TP	Core28-TP	Core29-TP	Core30-TP	Core31-TP	Core32-TP	Core33-TP	Core34-TP	Core35-TP	Core36-TP	Core37-TP	Core38-TP	Core39-TP	Core40-TP	Core41-TP	Core42-TP	Core43-TP	Core44-TP	Core45-TP	Core46-TP	Core47-TP	Core48-TP	Core49-TP	Core50-TP	Core51-TP	Core52-TP	Core53-TP	Core54-TP	Core55-TP	Core56-TP	Core57-TP	Core58-TP	Core59-TP	Core60-TP	Core61-TP	Core62-TP	Core63-TP	
48.35	46.88	46.78	46.78	46.78	46.78	46.78	46.78	46.88	46.79	46.78	46.78	46.78	46.78	46.78	46.78	46.78	46.78	46.78	46.78	46.78	46.78	46.78	46.78	46.78	46.78	46.78	46.78	46.78	46.78	46.78	46.78	46.78	46.78	46.78	46.78	46.78	46.78	46.78	46.78	46.78	46.78	46.78	46.78	46.78	46.78	46.78	46.78	46.78	46.78	46.78	46.78	46.78	46.78	46.78	46.78	46.78	46.78	46.78	46.78	46.78	46.78	46.78	46.78
49.22	47.48	47.32	47.30	47.30	47.30	47.30	47.29	47.48	47.34	47.31	47.31	47.31	47.31	47.31	47.30	47.32	47.31	47.31	47.31	47.31	47.31	47.31	47.30	47.30	47.31	47.31	47.31	47.31	47.31	47.31	47.30	47.30	47.31	47.31	47.31	47.31	47.31	47.31	47.30	47.30	47.31	47.31	47.31	47.31	47.31	47.31	47.30	47.30	47.31	47.31	47.31	47.31	47.31	47.31	47.30	47.29	47.30	47.30	47.30	47.30	47.30	47.30	47.29
49.58	47.75	47.56	47.53	47.53	47.53	47.53	47.51	47.75	47.59	47.56	47.55	47.55	47.55	47.54	47.53	47.56	47.56	47.56	47.55	47.55	47.55	47.55	47.53	47.53	47.55	47.55	47.56	47.55	47.55	47.55	47.53	47.53	47.55	47.55	47.55	47.55	47.55	47.55	47.53	47.53	47.55	47.55	47.55	47.55	47.55	47.55	47.53	47.53	47.54	47.55	47.55	47.55	47.55	47.54	47.53	47.51	47.53	47.53	47.53	47.53	47.53	47.53	47.51
49.69	47.90	47.71	47.67	47.67	47.67	47.66	47.64	47.90	47.75	47.71	47.70	47.70	47.70	47.68	47.66	47.71	47.71	47.71	47.71	47.71	47.70	47.70	47.67	47.67	47.70	47.71	47.71	47.71	47.71	47.70	47.67	47.67	47.70	47.71	47.71	47.71	47.71	47.70	47.67	47.67	47.70	47.70	47.71	47.71	47.70	47.70	47.67	47.66	47.68	47.70	47.70	47.70	47.70	47.68	47.66	47.64	47.66	47.67	47.67	47.67	47.67	47.66	47.64
49.79	48.00	47.80	47.77	47.77	47.76	47.75	47.72	48.00	47.85	47.82	47.81	47.80	47.80	47.78	47.75	47.80	47.82	47.82	47.82	47.82	47.81	47.80	47.76	47.77	47.81	47.82	47.82	47.82	47.82	47.80	47.77	47.77	47.80	47.82	47.82	47.82	47.82	47.80	47.77	47.76	47.80	47.81	47.82	47.82	47.81	47.80	47.76	47.75	47.78	47.80	47.80	47.80	47.80	47.78	47.75	47.72	47.75	47.76	47.77	47.77	47.76	47.75	47.72
49.84	48.07	47.87	47.84	47.84	47.83	47.81	47.78	48.07	47.93	47.89	47.88	47.88	47.87	47.85	47.81	47.87	47.89	47.90	47.90	47.90	47.89	47.87	47.83	47.84	47.88	47.90	47.90	47.90	47.89	47.88	47.84	47.84	47.88	47.90	47.90	47.90	47.89	47.88	47.84	47.83	47.87	47.89	47.89	47.89	47.89	47.87	47.83	47.81	47.85	47.87	47.88	47.88	47.87	47.85	47.81	47.78	47.81	47.83	47.84	47.84	47.83	47.81	47.78
49.89	48.12	47.93	47.90	47.89	47.88	47.86	47.82	48.12	47.98	47.95	47.94	47.94	47.93	47.90	47.86	47.93	47.95	47.96	47.96	47.96	47.95	47.93	47.88	47.90	47.94	47.96	47.96	47.96	47.95	47.93	47.89	47.89	47.94	47.96	47.96	47.96	47.95	47.93	47.89	47.88	47.93	47.95	47.95	47.95	47.95	47.93	47.88	47.86	47.90	47.93	47.93	47.93	47.93	47.90	47.86	47.82	47.86	47.88	47.89	47.89	47.88	47.86	47.82
49.95	48.16	47.97	47.94	47.93	47.92	47.90	47.85	48.16	48.03	47.99	47.99	47.98	47.97	47.95	47.90	47.97	47.99	48.00	48.01	48.00	47.99	47.97	47.92	47.94	47.99	48.01	48.01	48.01	48.00	47.98	47.92	47.93	47.98	48.00	48.01	48.01	48.00	47.98	47.92	47.92	47.97	47.99	48.00	48.00	47.99	47.97	47.92	47.90	47.95	47.97	47.98	47.98	47.97	47.95	47.90	47.85	47.90	47.92	47.92	47.92	47.92	47.90	47.85
50.01	48.19	48.00	47.97	47.96	47.95	47.93	47.88	48.19	48.06	48.03	48.02	48.01	48.00	47.98	47.93	48.00	48.03	48.04	48.04	48.04	48.03	48.00	47.95	47.97	48.02	48.04	48.05	48.05	48.04	48.01	47.95	47.96	48.01	48.04	48.05	48.04	48.04	48.01	47.95	47.95	48.00	48.03	48.04	48.04	48.03	48.00	47.95	47.93	47.98	48.00	48.01	48.01	48.00	47.98	47.93	47.88	47.93	47.95	47.95	47.95	47.95	47.93	47.88
49.98	48.21	48.02	47.99	47.98	47.97	47.95	47.90	48.21	48.08	48.05	48.05	48.04	48.03	48.00	47.95	48.02	48.05	48.07	48.07	48.07	48.06	48.03	47.97	47.99	48.05	48.07	48.08	48.07	48.06	48.04	47.98	47.98	48.04	48.07	48.07	48.07	48.06	48.04	47.98	47.97	48.03	48.06	48.06	48.06	48.06	48.03	47.97	47.95	48.00	48.03	48.04	48.04	48.03	48.00	47.95	47.90	47.95	47.97	47.98	47.98	47.97	47.95	47.90
50.00	48.23	48.04	48.01	48.00	47.99	47.97	47.91	48.23	48.10	48.07	48.07	48.06	48.05	48.02	47.97	48.04	48.07	48.09	48.09	48.09	48.08	48.05	47.99	48.01	48.07	48.09	48.10	48.10	48.09	48.06	48.00	48.00	48.06	48.09	48.10	48.10	48.09	48.06	48.00	47.99	48.05	48.08	48.09	48.09	48.08	48.05	47.99	47.97	48.02	48.05	48.06	48.06	48.05	48.02	47.97	47.91	47.97	47.99	48.00	48.00	47.99	47.97	47.91
50.00	48.24	48.06	48.03	48.02	48.01	47.98	47.92	48.24	48.12	48.09	48.09	48.08	48.07	48.04	47.98	48.06	48.09	48.11	48.11	48.11	48.10	48.07	48.01	48.03	48.09	48.11	48.12	48.12	48.11	48.08	48.02	48.02	48.08	48.11	48.12	48.12	48.11	48.08	48.02	48.01	48.07	48.10	48.11	48.11	48.10	48.07	48.01	47.98	48.04	48.07	48.08	48.08	48.07	48.04	47.98	47.92	47.98	48.01	48.02	48.02	48.01	47.98	47.92
50.01	48.26	48.07	48.04	48.03	48.02	47.99	47.93	48.26	48.13	48.11	48.10	48.10	48.08	48.05	47.99	48.07	48.11	48.13	48.13	48.13	48.12	48.08	48.02	48.04	48.10	48.13	48.14	48.14	48.13	48.09	48.03	48.03	48.10	48.13	48.14	48.14	48.13	48.09	48.03	48.02	48.08	48.12	48.13	48.13	48.12	48.08	48.02	47.99	48.05	48.08	48.09	48.09	48.08	48.05	47.99	47.93	47.99	48.02	48.03	48.03	48.02	47.99	47.93
50.04	48.27	48.08	48.05	48.04	48.03	48.00	47.94	48.27	48.15	48.12	48.12	48.11	48.10	48.07	48.00	48.08	48.12	48.14	48.14	48.14	48.13	48.10	48.03	48.05	48.12	48.14	48.15	48.15	48.14	48.11	48.04	48.04	48.11	48.14	48.15	48.15	48.14	48.11	48.04	48.03	48.10	48.13	48.14	48.14	48.13	48.10	48.03	48.00	48.07	48.10	48.11	48.11	48.10	48.07	48.00	47.94	48.00	48.03	48.04	48.04	48.03	48.00	47.94
50.09	48.28	48.09	48.06	48.06	48.04	48.01	47.95	48.28	48.16	48.13	48.13	48.12	48.11	48.08	48.01	48.09	48.13	48.15	48.16	48.15	48.14	48.11	48.04	48.06	48.13	48.16	48.17	48.17	48.15	48.12	48.05	48.06	48.12	48.15	48.17	48.16	48.15	48.12	48.05	48.04	48.11	48.14	48.15	48.15	48.14	48.11	48.04	48.01	48.08	48.11	48.12	48.12	48.11	48.07	48.01	47.95	48.01	48.04	48.05	48.05	48.04	48.01	47.95
50.05	48.29	48.10	48.07	48.07	48.05	48.02	47.96	48.29	48.17	48.14	48.14	48.13	48.12	48.09	48.02	48.10	48.14	48.16	48.17	48.17	48.15	48.12	48.05	48.07	48.14	48.17	48.18	48.18	48.16	48.13	48.06	48.07	48.13	48.17	48.18	48.18	48.16	48.13	48.06	48.05	48.12	48.15	48.16	48.16	48.15	48.12	48.05	48.02	48.09	48.12	48.13	48.13	48.12	48.08	48.02	47.96	48.02	48.05	48.06	48.06	48.05	48.02	47.96
50.06	48.30	48.11	48.08	48.08	48.06	48.03	47.97	48.30	48.18	48.15	48.15	48.14	48.13	48.10	48.03	48.11	48.15	48.17	48.18	48.18	48.16	48.13	48.06	48.08	48.15	48.18	48.19	48.19	48.18	48.14	48.07	48.08	48.14	48.18	48.19	48.19	48.17	48.14	48.07	48.06	48.13	48.16	48.18	48.17	48.16	48.13	48.06	48.03	48.10	48.13	48.14	48.14	48.13	48.09	48.03	47.97	48.03	48.06	48.07	48.07	48.06	48.03	47.97
50.05	48.31	48.12	48.09	48.09	48.07	48.04	47.98	48.31	48.19	48.16	48.16	48.15	48.14	48.10	48.04	48.12	48.16	48.18	48.19	48.19	48.17	48.14	48.07	48.09	48.16	48.19	48.20	48.20	48.19	48.15	48.08	48.09	48.15	48.19	48.20	48.20	48.19	48.15	48.08	48.07	48.14	48.17	48.19	48.19	48.17	48.14	48.07	48.04	48.10	48.14	48.15	48.15	48.14	48.10	48.04	47.98	48.04	48.07	48.08	48.08	48.07	48.04	47.98
50.06	48.31	48.13	48.10	48.10	48.08	48.05	47.98	48.31	48.19	48.17	48.17	48.16	48.15	48.11	48.05	48.13	48.17	48.19	48.20	48.20	48.18	48.15	48.08	48.10	48.17	48.20	48.21	48.21	48.20	48.16	48.09	48.10	48.16	48.20	48.21	48.21	48.20	48.16	48.09	48.08	48.15	48.18	48.20	48.20	48.18	48.15	48.08	48.05	48.11	48.15	48.16	48.16	48.15	48.11	48.05	47.98	48.05	48.08	48.09	48.09	48.08	48.05	47.98
50.09	48.32	48.14	48.11	48.10	48.09	48.05	47.99	48.32	48.20	48.18	48.18	48.17	48.16	48.12	48.05	48.14	48.18	48.21	48.21	48.21	48.19	48.16	48.09	48.11	48.18	48.21	48.22	48.22	48.21	48.17	48.10	48.10	48.17	48.21	48.22	48.22	48.21	48.17	48.10	48.09	48.16	48.19	48.21	48.21	48.19	48.16	48.09	48.05	48.12	48.16	48.17	48.17	48.16	48.12	48.05	47.99	48.05	48.09	48.10	48.10	48.09	48.05	47.99
50.14	48.33	48.15	48.12	48.11	48.10	48.06	48.00	48.33	48.21	48.19	48.19	48.18	48.17	48.13	48.06	48.15	48.19	48.22	48.22	48.22	48.20	48.17	48.10	48.12	48.19	48.22	48.24	48.23	48.22	48.18	48.11	48.11	48.18	48.22	48.23	48.23	48.22	48.18	48.11	48.10	48.17	48.20	48.22	48.22	48.20	48.17	48.10	48.06	48.13	48.17	48.18	48.18	48.17	48.13	48.06	48.00	48.06	48.10	48.11	48.11	48.10	48.06	48.00
49.29	49.34	49.29	49.40	49.33	49.26	49.25	49.29	49.30	49.27	49.35	49.37	49.26	49.24	49.33	49.21	48.22	48.28	48.30	48.31	48.30	48.29	48.25	48.18	48.13	48.20	48.24	48.25	48.25	48.23	48.19	48.12	48.12	48.19	48.23	48.24	48.24	48.23	48.19	48.12	48.11	48.18	48.21	48.23	48.23	48.21	48.18	48.10	48.07	48.14	48.18	48.19	48.19	48.18	48.14	48.07	48.01	48.07	48.10	48.12	48.12	48.10	48.07	48.00
48.66	50.22	50.34	50.58	50.48	50.34	50.36	50.48	50.12	50.21	50.37	50.44	50.25	50.21	50.40	50.25	48.33	48.39	48.43	48.44	48.43	48.41	48.38	48.30	48.15	48.23	48.26	48.27	48.27	48.25	48.21	48.14	48.13	48.21	48.24	48.26	48.26	48.24	48.20	48.12	48.11	48.19	48.22	48.24	48.24	48.22	48.18	48.11	48.08	48.15	48.18	48.20	48.20	48.18	48.15	48.07	48.01	48.08	48.11	48.12	48.12	48.11	48.07	48.01
48.63	50.46	50.68	50.96	50.86	50.70	50.72	50.86	50.31	50.47	50.68	50.75	50.55	50.51	50.71	50.55	48.40	48.48	48.53	48.55	48.53	48.51	48.49	48.40	48.18	48.25	48.29	48.31	48.30	48.28	48.24	48.17	48.14	48.22	48.26	48.27	48.27	48.25	48.21	48.13	48.12	48.20	48.23	48.25	48.25	48.23	48.19	48.12	48.09	48.16	48.19	48.21	48.21	48.19	48.15	48.08	48.02	48.08	48.12	48.13	48.13	48.12	48.08	48.02
48.67	50.57	50.83	51.13	51.03	50.88	50.90	51.03	50.38	50.58	50.81	50.90	50.70	50.66	50.85	50.69	48.45	48.54	48.60	48.62	48.60	48.58	48.56	48.47	48.20	48.28	48.32	48.34	48.33	48.32	48.27	48.19	48.15	48.23	48.27	48.29	48.29	48.27	48.23	48.15	48.13	48.21	48.25	48.26	48.26	48.24	48.20	48.13	48.09	48.17	48.20	48.22	48.22	48.20	48.16	48.09	48.02	48.09	48.13	48.14	48.14	48.12	48.09	48.02
48.71	50.64	50.92	51.23	51.14	50.98	51.00	51.13	50.43	50.65	50.89	50.99	50.79	50.75	50.94	50.78	48.48	48.59	48.65	48.68	48.66	48.64	48.61	48.52	48.22	48.31	48.35	48.37	48.36	48.35	48.30	48.22	48.16	48.25	48.29	48.31	48.30	48.29	48.24	48.16	48.14	48.22	48.26	48.27	48.27	48.26	48.21	48.14	48.10	48.17	48.21	48.23	48.23	48.21	48.17	48.10	48.03	48.10	48.13	48.15	48.15	48.13	48.10	48.03
48.74	50.68	50.98	51.30	51.20	51.05	51.06	51.19	50.46	50.69	50.95	51.05	50.85	50.81	51.00	50.82	48.51	48.62	48.70	48.73	48.71	48.68	48.66	48.56	48.24	48.33	48.38	48.40	48.39	48.37	48.33	48.24	48.18	48.26	48.31	48.32	48.32	48.30	48.26	48.18	48.15	48.23	48.27	48.29	48.29	48.27	48.23	48.15	48.11	48.18	48.22	48.24	48.24	48.22	48.18	48.10	48.03	48.10	48.14	48.16	48.16	48.14	48.10	48.03
48.77	50.72	51.02	51.34	51.26	51.09	51.10	51.23	50.49	50.73	50.99	51.10	50.90	50.85	51.04	50.86	48.53	48.65	48.73	48.76	48.74	48.72	48.69	48.59	48.26	48.35	48.40	48.42	48.42	48.40	48.35	48.26	48.19	48.28	48.32	48.34	48.34	48.32	48.27	48.19	48.16	48.24	48.28	48.30	48.30	48.28	48.24	48.16	48.11	48.19	48.23	48.25	48.25	48.23	48.19	48.11	48.04	48.11	48.15	48.16	48.16	48.15	48.11	48.04
48.79	50.74	51.05	51.38	51.28	51.13	51.14	51.25	50.51	50.75	51.02	51.13	50.93	50.89	51.08	50.89	48.55	48.67	48.76	48.79	48.77	48.75	48.72	48.61	48.27	48.37	48.42	48.44	48.44	48.42	48.37	48.28	48.20	48.29	48.34	48.36	48.36	48.34	48.29	48.20	48.17	48.25	48.30	48.31	48.31	48.29	48.25	48.17	48.12	48.20	48.24	48.26	48.26	48.24	48.20	48.12	48.05	48.12	48.16	48.17	48.17	48.16	48.12	48.05
48.81	50.76	51.08	51.41	51.32	51.16	51.16	51.27	50.53	50.77	51.05	51.16	50.96	50.92	51.10	50.91	48.57	48.69	48.78	48.82	48.80	48.78	48.74	48.63	48.29	48.39	48.44	48.46	48.46	48.44	48.39	48.30	48.21	48.30	48.35	48.37	48.37	48.35	48.30	48.21	48.18	48.26	48.31	48.32	48.32	48.30	48.26	48.17	48.13	48.21	48.25	48.27	48.27	48.25	48.21	48.13	48.05	48.13	48.17	48.18	48.18	48.16	48.12	48.05
48.82	50.78	51.10	51.43	51.33	51.18	51.18	51.29	50.55	50.79	51.07	51.18	50.99	50.94	51.12	50.93	48.58	48.71	48.80	48.84	48.82	48.80	48.76	48.65	48.30	48.40	48.46	48.48	48.48	48.46	48.41	48.31	48.23	48.32	48.37	48.39	48.39	48.37	48.32	48.23	48.19	48.27	48.32	48.34	48.34	48.32	48.27	48.18	48.14	48.22	48.26	48.28	48.28	48.26	48.21	48.13	48.06	48.13	48.17	48.19	48.19	48.17	48.13	48.06
48.83	50.79	51.11	51.44	51.36	51.20	51.20	51.31	50.56	50.81	51.09	51.20	51.01	50.96	51.14	50.95	48.59	48.73	48.82	48.86	48.84	48.82	48.78	48.67	48.31	48.41	48.48	48.50	48.50	48.48	48.43	48.32	48.24	48.33	48.38	48.40	48.40	48.38	48.33	48.24	48.20	48.28	48.33	48.35	48.35	48.33	48.28	48.19	48.14	48.23	48.27	48.29	48.29	48.27	48.22	48.14	48.06	48.14	48.18	48.20	48.19	48.18	48.14	48.06
48.84	50.80	51.08	50.73	51.32	51.20	51.11	50.26	50.57	50.82	51.08	50.92	51.00	50.94	50.51	50.85	48.61	48.74	48.83	48.86	48.86	48.83	48.75	48.67	48.32	48.43	48.49	48.52	48.52	48.49	48.44	48.34	48.25	48.34	48.39	48.42	48.42	48.39	48.34	48.25	48.20	48.29	48.34	48.36	48.36	48.34	48.29	48.20	48.15	48.23	48.28	48.30	48.29	48.28	48.23	48.15	48.07	48.15	48.19	48.20	48.20	48.18	48.14	48.07
48.81	50.79	50.89	49.38	49.70	50.97	50.51	49.12	50.03	50.71	49.67	49.36	50.80	50.83	49.32	49.61	48.58	48.74	48.75	48.76	48.85	48.83	48.67	48.59	48.33	48.44	48.50	48.53	48.53	48.50	48.44	48.34	48.26	48.35	48.41	48.43	48.43	48.41	48.35	48.26	48.21	48.30	48.35	48.37	48.37	48.35	48.30	48.21	48.16	48.24	48.29	48.30	48.30	48.28	48.24	48.15	48.07	48.15	48.19	48.21	48.21	48.19	48.15	48.07
50.03	49.45	49.51	48.93	49.02	49.21	49.01	48.67	48.90	49.36	49.00	48.93	49.40	49.57	48.89	48.72	48.49	48.65	48.66	48.68	48.75	48.74	48.60	48.48	48.33	48.44	48.50	48.52	48.53	48.51	48.44	48.34	48.26	48.36	48.42	48.44	48.44	48.42	48.36	48.26	48.22	48.31	48.36	48.38	48.38	48.36	48.31	48.21	48.16	48.25	48.30	48.31	48.31	48.29	48.24	48.16	48.08	48.16	48.20	48.22	48.22	48.20	48.16	48.08
50.82	48.88	48.77	48.68	48.71	48.73	48.62	48.45	48.71	48.73	48.73	48.73	48.80	48.81	48.65	48.49	48.43	48.55	48.60	48.62	48.65	48.63	48.54	48.41	48.33	48.43	48.49	48.52	48.53	48.50	48.44	48.33	48.27	48.37	48.43	48.45	48.45	48.43	48.37	48.27	48.23	48.32	48.37	48.39	48.39	48.37	48.32	48.22	48.17	48.26	48.30	48.32	48.32	48.30	48.25	48.17	48.08	48.16	48.21	48.23	48.22	48.21	48.16	48.08
50.93	48.74	48.56	48.54	48.55	48.53	48.46	48.33	48.66	48.58	48.60	48.61	48.63	48.61	48.52	48.39	48.40	48.50	48.55	48.58	48.59	48.56	48.49	48.37	48.32	48.43	48.49	48.51	48.52	48.49	48.43	48.32	48.27	48.37	48.43	48.46	48.46	48.43	48.37	48.27	48.23	48.33	48.38	48.40	48.40	48.38	48.32	48.23	48.17	48.26	48.31	48.33	48.33	48.31	48.26	48.17	48.09	48.17	48.21	48.23	48.23	48.21	48.17	48.09
50.92	48.68	48.48	48.46	48.46	48.44	48.37	48.26	48.64	48.52	48.53	48.54	48.55	48.52	48.45	48.33	48.38	48.47	48.52	48.55	48.55	48.52	48.45	48.34	48.32	48.42	48.48	48.51	48.51	48.48	48.42	48.31	48.28	48.38	48.44	48.46	48.46	48.43	48.38	48.27	48.24	48.33	48.39	48.41	48.41	48.39	48.33	48.23	48.18	48.27	48.32	48.34	48.34	48.32	48.27	48.18	48.10	48.18	48.22	48.24	48.24	48.22	48.17	48.09
50.93	48.65	48.43	48.42	48.41	48.39	48.32	48.22	48.62	48.49	48.49	48.50	48.50	48.48	48.41	48.30	48.37	48.45	48.50	48.52	48.52	48.49	48.43	48.32	48.32	48.42	48.48	48.50	48.50	48.47	48.41	48.30	48.28	48.38	48.44	48.47	48.46	48.44	48.38	48.27	48.24	48.34	48.40	48.42	48.42	48.39	48.34	48.24	48.19	48.28	48.33	48.35	48.35	48.33	48.27	48.18	48.10	48.18	48.23	48.25	48.25	48.23	48.18	48.10
50.91	48.63	48.41	48.39	48.38	48.35	48.30	48.20	48.61	48.48	48.47	48.48	48.47	48.45	48.38	48.28	48.36	48.44	48.49	48.51	48.51	48.48	48.41	48.31	48.32	48.42	48.48	48.50	48.50	48.47	48.41	48.30	48.28	48.39	48.45	48.47	48.47	48.44	48.38	48.28	48.25	48.35	48.40	48.43	48.42	48.40	48.34	48.24	48.19	48.29	48.34	48.36	48.36	48.33	48.28	48.19	48.11	48.19	48.24	48.26	48.25	48.23	48.19	48.10
50.88	48.61	48.39	48.37	48.36	48.33	48.28	48.18	48.60	48.47	48.46	48.47	48.46	48.43	48.37	48.26	48.36	48.44	48.48	48.50	48.50	48.47	48.41	48.30	48.32	48.42	48.48	48.50	48.50	48.47	48.41	48.30	48.29	48.39	48.45	48.47	48.47	48.45	48.38	48.28	48.26	48.35	48.41	48.43	48.43	48.41	48.35	48.25	48.20	48.29	48.34	48.36	48.36	48.34	48.29	48.20	48.11	48.19	48.24	48.26	48.26	48.24	48.19	48.11
